a/2=2 
a/2=2.000000
a/2=2.500000
